$ 1 0.000005 0.7703437568215379 50 5 43 5e-11
w 512 240 384 240 0
g 496 480 496 528 0 0
w 512 208 608 208 0
v 384 416 384 304 0 0 40 1.5 0 0 0.5
w 384 416 384 480 0
w 384 304 384 240 0
T 528 240 608 304 4 0.01 1 0.000008431596028444198 -0.01826309827944727 0.999
r 528 304 528 416 0 10040
t 544 448 592 448 0 1 -1.6938841966606977 0.6091188182163131 200 default
w 496 480 384 480 0
w 528 416 528 448 0
w 608 432 592 432 0
w 528 448 544 448 0
w 496 480 592 480 0
w 592 480 592 464 0
w 608 208 608 240 0
w 512 208 512 240 0
w 512 240 528 240 0
34 fwdrop\q2.8 1 9.32e-11 0 4.687093713632906 0 1
162 672 400 672 464 2 fwdrop\q2.8 1 1 1 0.02
w 592 480 672 480 0
w 672 384 608 384 0
w 608 432 608 384 0
p 608 240 608 304 1 0 0
w 672 384 672 400 0
w 672 464 672 480 0
370 608 304 608 384 1 0 0
o 22 1 0 x81013 2.5 0.1 0 2 1 -64 25 3 0.01 -31
38 7 F1 0 8000 20000 -1 Resistance
38 6 F1 0 0.003 0.02 -1 Primary\sInductance
38 8 F1 0 100 300 -1 Beta/hFE
