$ 1 0.000005 10.20027730826997 50 5 43 5e-11
r 336 160 336 256 0 1000
410 368 320 352 448 1 ~TL431 0\s40 2\s1e-12\s0.7331234661232258\s0 2\s2e-12\s-1.2852473736716368\s0 0\s1\s-1.2852473736716368\s0.7331234661232258\s140\s~tl431ed-qn_ed 0\s3280 0\s2400 0\s7200 0\s33.333333333333336 2\s1.2e-12\s0.7207570636551828\s0 2\s2.4e-12\s-0.00003614364271309345\s0 0\s1\s-0.00003614364271309345\s0.7207570636551828\s140\s~tl431ed-qn_ed-A1.2 0\s18.18181818181818 2\s2.2000000000000003e-12\s0.6781676040004188\s0 2\s4.400000000000001e-12\s0.0190079541548559\s0 0\s1\s0.0190079541548559\s0.6781676040004188\s140\s~tl431ed-qn_ed-A2.2 0\s800 0\s40 2\s1e-12\s0.7012017897852723\s0 2\s2e-12\s-1.270611322520957\s0 0\s1\s-1.270611322520957\s0.7012017897852723\s140\s~tl431ed-qn_ed 0\s4000 0\s40 2\s1e-12\s0.7017609472646998\s0 2\s2e-12\s-0.11663089072170618\s0 0\s1\s-0.11663089072170618\s0.7017609472646998\s140\s~tl431ed-qn_ed 0\s80 2\s5e-13\s0.7197500676531868\s0 2\s1e-12\s0.5971353682454905\s0 0\s1\s0.5971353682454905\s0.7197500676531868\s140\s~tl431ed-qn_ed-A0.5 0\s80 2\s1e-12\s-0.7008550289220921\s0 2\s3e-12\s0.00007813889786767447\s0 0\s-1\s0.00007813889786767447\s-0.7008550289220921\s60\s~tl431ed-qp_ed 0\s80 2\s1e-12\s-0.7001750466788654\s0 2\s3e-12\s2.9073855177037315\s0 0\s-1\s2.9073855177037315\s-0.7001750466788654\s60\s~tl431ed-qp_ed 0\s800 0\s800 0\s40 2\s1e-12\s0.12261462163940966\s0 2\s2e-12\s-3.655085893634602\s0 0\s1\s-3.655085893634602\s0.12261462163940966\s140\s~tl431ed-qn_ed 0\s150 0\s8 2\s5e-12\s7.735159100581627e-8\s0 2\s1e-11\s-3.7777005158368766\s0 0\s1\s-3.7777005158368766\s7.735159100581627e-8\s140\s~tl431ed-qn_ed-A5 0\s10000 0\s40 2\s1e-12\s-2.369896820777403\s0 2\s2e-12\s6.771527782944986e-13\s0 0\s1\s6.771527782944986e-13\s-2.369896820777403\s140\s~tl431ed-qn_ed 2\s~tl431ed-d_ed 0\s1000 2\s~tl431ed-d_ed 2\s1e-11\s3.6550858937807713\s0 2\s2e-11\s-0.1166135498273525\s0
174 224 464 304 432 1 20000 0.5792 Resistance
w 336 272 400 272 0
v 368 544 272 544 0 0 40 4.1 0 0 0.5
w 256 544 272 544 0
w 368 544 400 544 0
w 400 544 400 464 0
t 400 160 400 128 1 -1 3.7487150196537864 -0.3222993813931989 100 default
w 336 352 224 352 0
r 224 352 224 464 0 20000
r 224 208 224 272 0 20000
w 400 416 400 464 0
w 400 272 400 288 0
w 400 464 496 464 0
w 496 464 496 384 0
p 608 256 608 384 1 0 0
w 496 256 544 256 0
w 496 384 544 384 0
p 368 96 464 96 1 0 0
p 432 288 432 416 1 0 0
w 400 272 432 272 0
w 432 272 432 288 0
w 400 416 432 416 0
w 176 128 176 544 0
w 176 544 256 544 0
w 336 96 336 128 0
w 336 128 336 160 0
w 496 96 496 128 0
370 400 160 400 208 1 0 0
370 496 192 496 240 1 0 0
w 496 176 496 192 0
w 496 240 496 256 0
d 496 256 496 288 2 default
d 496 288 496 320 2 default
d 496 320 496 352 2 default
d 496 352 496 384 2 default
r 544 256 544 320 0 330
162 544 320 544 384 2 default-led 1 0 0 0.01
w 544 256 608 256 0
w 544 384 608 384 0
w 464 96 496 96 0
w 336 96 368 96 0
w 416 128 496 128 0
w 496 128 496 176 0
w 176 128 224 128 0
w 224 128 336 128 0
w 336 128 384 128 0
w 224 352 224 272 0
w 336 256 336 272 0
w 224 208 224 128 0
w 272 432 272 416 0
w 272 416 320 416 0
w 320 416 320 464 0
w 368 464 400 464 0
w 320 464 336 464 0
p 336 352 336 464 1 0 0
r 400 208 400 272 0 100
w 368 464 336 464 0
w 368 352 336 352 0
x 413 490 656 523 4 12 TL431\sconfigured\sas\scomparator\swith\s2.5V\sref\\n-\sVc,high\s\q\s~open\scollector\\n-\sVc,low\s\s\q\s~2V
x 185 488 387 521 4 12 Regulate\sthe\spot\sso\sthat\sthe\scurrent\\ndiverts\sthrough\sthe\stransistor\swhen\\nthe\sli-ion\scell\sreaches\s4.1V\s(max\s4.2V)
