$ 1 0.000005 10.20027730826997 46 5 50 5e-11
a 592 304 800 304 9 40 0 1000000 5.678580282874535 5.678501032876841 100000
t 800 176 800 128 1 1 -27.924999769380698 0.7178396648702297 100 default
R 464 128 416 128 0 0 40 40 0 0 0.5
z 464 464 464 336 2 default-zener
r 912 128 912 320 0 10000
r 912 352 912 464 0 10000
w 816 128 912 128 0
w 912 320 912 352 1
w 592 320 592 352 0
w 592 352 912 352 2
g 464 464 464 544 0 0
w 464 288 464 336 1
w 464 464 912 464 0
r 464 128 464 288 0 330
w 592 288 464 288 2
r 1040 240 1040 384 0 100
w 912 128 1040 128 0
w 1040 128 1040 240 3
w 1040 384 1040 464 0
w 1040 464 912 464 0
w 800 176 800 304 1
w 464 128 784 128 0
38 4 F1 0 0 50000 -1 Gain
38 15 F1 0 1 500 -1 Load
